8659000
8659001
8659002
8659003
8659004
8659005
8659006
8659007
8659008
8659009
8659010
8659011
8659012
8659013
8659014
8659015
8659016
8659017
8659018
8659019
8659020
8659021
8659022
8659023
8659024
8659025
8659026
8659027
8659028
8659029
8659030
8659031
8659032
8659033
8659034
8659035
8659036
8659037
8659038
8659039
8659040
8659041
8659042
8659043
8659044
8659045
8659046
8659047
8659048
8659049
8659050
8659051
8659052
8659053
8659054
8659055
8659056
8659057
8659058
8659059
8659060
8659061
8659062
8659063
8659064
8659065
8659066
8659067
8659068
8659069
8659070
8659071
8659072
8659073
8659074
8659075
8659076
8659077
8659078
8659079
8659080
8659081
8659082
8659083
8659084
8659085
8659086
8659087
8659088
8659089
8659090
8659091
8659092
8659093
8659094
8659095
8659096
8659097
8659098
8659099
8659100
8659101
8659102
8659103
8659104
8659105
8659106
8659107
8659108
8659109
8659110
8659111
8659112
8659113
8659114
8659115
8659116
8659117
8659118
8659119
8659120
8659121
8659122
8659123
8659124
8659125
8659126
8659127
8659128
8659129
8659130
8659131
8659132
8659133
8659134
8659135
8659136
8659137
8659138
8659139
8659140
8659141
8659142
8659143
8659144
8659145
8659146
8659147
8659148
8659149
8659150
8659151
8659152
8659153
8659154
8659155
8659156
8659157
8659158
8659159
8659160
8659161
8659162
8659163
8659164
8659165
8659166
8659167
8659168
8659169
8659170
8659171
8659172
8659173
8659174
8659175
8659176
8659177
8659178
8659179
8659180
8659181
8659182
8659183
8659184
8659185
8659186
8659187
8659188
8659189
8659190
8659191
8659192
8659193
8659194
8659195
8659196
8659197
8659198
8659199
8659200
8659201
8659202
8659203
8659204
8659205
8659206
8659207
8659208
8659209
8659210
8659211
8659212
8659213
8659214
8659215
8659216
8659217
8659218
8659219
8659220
8659221
8659222
8659223
8659224
8659225
8659226
8659227
8659228
8659229
8659230
8659231
8659232
8659233
8659234
8659235
8659236
8659237
8659238
8659239
8659240
8659241
8659242
8659243
8659244
8659245
8659246
8659247
8659248
8659249
8659250
8659251
8659252
8659253
8659254
8659255
8659256
8659257
8659258
8659259
8659260
8659261
8659262
8659263
8659264
8659265
8659266
8659267
8659268
8659269
8659270
8659271
8659272
8659273
8659274
8659275
8659276
8659277
8659278
8659279
8659280
8659281
8659282
8659283
8659284
8659285
8659286
8659287
8659288
8659289
8659290
8659291
8659292
8659293
8659294
8659295
8659296
8659297
8659298
8659299
8659300
8659301
8659302
8659303
8659304
8659305
8659306
8659307
8659308
8659309
8659310
8659311
8659312
8659313
8659314
8659315
8659316
8659317
8659318
8659319
8659320
8659321
8659322
8659323
8659324
8659325
8659326
8659327
8659328
8659329
8659330
8659331
8659332
8659333
8659334
8659335
8659336
8659337
8659338
8659339
8659340
8659341
8659342
8659343
8659344
8659345
8659346
8659347
8659348
8659349
8659350
8659351
8659352
8659353
8659354
8659355
8659356
8659357
8659358
8659359
8659360
8659361
8659362
8659363
8659364
8659365
8659366
8659367
8659368
8659369
8659370
8659371
8659372
8659373
8659374
8659375
8659376
8659377
8659378
8659379
8659380
8659381
8659382
8659383
8659384
8659385
8659386
8659387
8659388
8659389
8659390
8659391
8659392
8659393
8659394
8659395
8659396
8659397
8659398
8659399
8659400
8659401
8659402
8659403
8659404
8659405
8659406
8659407
8659408
8659409
8659410
8659411
8659412
8659413
8659414
8659415
8659416
8659417
8659418
8659419
8659420
8659421
8659422
8659423
8659424
8659425
8659426
8659427
8659428
8659429
8659430
8659431
8659432
8659433
8659434
8659435
8659436
8659437
8659438
8659439
8659440
8659441
8659442
8659443
8659444
8659445
8659446
8659447
8659448
8659449
8659450
8659451
8659452
8659453
8659454
8659455
8659456
8659457
8659458
8659459
8659460
8659461
8659462
8659463
8659464
8659465
8659466
8659467
8659468
8659469
8659470
8659471
8659472
8659473
8659474
8659475
8659476
8659477
8659478
8659479
8659480
8659481
8659482
8659483
8659484
8659485
8659486
8659487
8659488
8659489
8659490
8659491
8659492
8659493
8659494
8659495
8659496
8659497
8659498
8659499
8659500
8659501
8659502
8659503
8659504
8659505
8659506
8659507
8659508
8659509
8659510
8659511
8659512
8659513
8659514
8659515
8659516
8659517
8659518
8659519
8659520
8659521
8659522
8659523
8659524
8659525
8659526
8659527
8659528
8659529
8659530
8659531
8659532
8659533
8659534
8659535
8659536
8659537
8659538
8659539
8659540
8659541
8659542
8659543
8659544
8659545
8659546
8659547
8659548
8659549
8659550
8659551
8659552
8659553
8659554
8659555
8659556
8659557
8659558
8659559
8659560
8659561
8659562
8659563
8659564
8659565
8659566
8659567
8659568
8659569
8659570
8659571
8659572
8659573
8659574
8659575
8659576
8659577
8659578
8659579
8659580
8659581
8659582
8659583
8659584
8659585
8659586
8659587
8659588
8659589
8659590
8659591
8659592
8659593
8659594
8659595
8659596
8659597
8659598
8659599
8659600
8659601
8659602
8659603
8659604
8659605
8659606
8659607
8659608
8659609
8659610
8659611
8659612
8659613
8659614
8659615
8659616
8659617
8659618
8659619
8659620
8659621
8659622
8659623
8659624
8659625
8659626
8659627
8659628
8659629
8659630
8659631
8659632
8659633
8659634
8659635
8659636
8659637
8659638
8659639
8659640
8659641
8659642
8659643
8659644
8659645
8659646
8659647
8659648
8659649
8659650
8659651
8659652
8659653
8659654
8659655
8659656
8659657
8659658
8659659
8659660
8659661
8659662
8659663
8659664
8659665
8659666
8659667
8659668
8659669
8659670
8659671
8659672
8659673
8659674
8659675
8659676
8659677
8659678
8659679
8659680
8659681
8659682
8659683
8659684
8659685
8659686
8659687
8659688
8659689
8659690
8659691
8659692
8659693
8659694
8659695
8659696
8659697
8659698
8659699
8659700
8659701
8659702
8659703
8659704
8659705
8659706
8659707
8659708
8659709
8659710
8659711
8659712
8659713
8659714
8659715
8659716
8659717
8659718
8659719
8659720
8659721
8659722
8659723
8659724
8659725
8659726
8659727
8659728
8659729
8659730
8659731
8659732
8659733
8659734
8659735
8659736
8659737
8659738
8659739
8659740
8659741
8659742
8659743
8659744
8659745
8659746
8659747
8659748
8659749
8659750
8659751
8659752
8659753
8659754
8659755
8659756
8659757
8659758
8659759
8659760
8659761
8659762
8659763
8659764
8659765
8659766
8659767
8659768
8659769
8659770
8659771
8659772
8659773
8659774
8659775
8659776
8659777
8659778
8659779
8659780
8659781
8659782
8659783
8659784
8659785
8659786
8659787
8659788
8659789
8659790
8659791
8659792
8659793
8659794
8659795
8659796
8659797
8659798
8659799
8659800
8659801
8659802
8659803
8659804
8659805
8659806
8659807
8659808
8659809
8659810
8659811
8659812
8659813
8659814
8659815
8659816
8659817
8659818
8659819
8659820
8659821
8659822
8659823
8659824
8659825
8659826
8659827
8659828
8659829
8659830
8659831
8659832
8659833
8659834
8659835
8659836
8659837
8659838
8659839
8659840
8659841
8659842
8659843
8659844
8659845
8659846
8659847
8659848
8659849
8659850
8659851
8659852
8659853
8659854
8659855
8659856
8659857
8659858
8659859
8659860
8659861
8659862
8659863
8659864
8659865
8659866
8659867
8659868
8659869
8659870
8659871
8659872
8659873
8659874
8659875
8659876
8659877
8659878
8659879
8659880
8659881
8659882
8659883
8659884
8659885
8659886
8659887
8659888
8659889
8659890
8659891
8659892
8659893
8659894
8659895
8659896
8659897
8659898
8659899
8659900
8659901
8659902
8659903
8659904
8659905
8659906
8659907
8659908
8659909
8659910
8659911
8659912
8659913
8659914
8659915
8659916
8659917
8659918
8659919
8659920
8659921
8659922
8659923
8659924
8659925
8659926
8659927
8659928
8659929
8659930
8659931
8659932
8659933
8659934
8659935
8659936
8659937
8659938
8659939
8659940
8659941
8659942
8659943
8659944
8659945
8659946
8659947
8659948
8659949
8659950
8659951
8659952
8659953
8659954
8659955
8659956
8659957
8659958
8659959
8659960
8659961
8659962
8659963
8659964
8659965
8659966
8659967
8659968
8659969
8659970
8659971
8659972
8659973
8659974
8659975
8659976
8659977
8659978
8659979
8659980
8659981
8659982
8659983
8659984
8659985
8659986
8659987
8659988
8659989
8659990
8659991
8659992
8659993
8659994
8659995
8659996
8659997
8659998
8659999
